3 5 323.15 0.1999 12.06 
3 5 323.15 0.4999 10.26 
3 5 323.15 0.7998 8.6 
3 5 323.15 1.0997 6.9 
3 5 323.15 1.3996 5.3 
3 5 323.15 1.5996 4.4 
3 5 333.15 0.2999 10.8 
3 5 333.15 0.4999 9.8 
3 5 333.15 0.7998 8.45 
3 5 333.15 1.0997 6.9 
3 5 333.15 1.3996 5.53 
3 5 333.15 1.6996 4.35 
3 5 333.15 1.9995 3.2 
3 5 343.15 0.2999 10.2
3 5 343.15 0.4999 9.3 
3 5 343.15 0.7998 8 
3 5 343.15 1.0997 6.7 
3 5 343.15 1.3996 5.7 
3 5 343.15 1.6996 4.6 
3 5 343.15 1.9995 3.5 
3 5 343.15 2.3994 2.32 
3 5 353.15 0.3999 9.2 
3 5 353.15 0.7998 7.8 
3 5 353.15 1.0997 6.6 
3 5 353.15 1.3996 5.6 
3 5 353.15 1.6996 4.6 
3 5 353.15 1.9995 3.8 
3 5 353.15 2.3001 2.9 
3 5 353.15 2.5993 2.2 
3 5 363.15 0.4999 8.2 
3 5 363.15 0.7998 7.1 
3 5 363.15 1.0997 6.1 
3 5 363.15 1.3996 5.3 
3 5 363.15 1.6996 4.57 
3 5 363.15 1.9995 3.82 
3 5 363.15 2.3001 3.04 
3 5 363.15 2.5993 2.4 
3 5 363.15 2.8999 1.77 
3 5 363.15 3.1992 1.19 
3 5 363.15 3.3991 0.86 
3 5 373.15 0.5998 7.3 
3 5 373.15 0.7998 6.7
3 5 373.15 1.0997 5.9 
3 5 373.15 1.3996 5.14 
3 5 373.15 1.6996 4.4 
3 5 373.15 1.9995 3.7 
3 5 373.15 2.3001 3.05 
3 5 373.15 2.5993 2.43 
3 5 373.15 2.8999 1.83 
3 5 373.15 3.1992 1.33 
3 5 373.15 3.4998 0.85 
3 5 383.15 0.7998 6.3 
3 5 383.15 1.0997 5.5 
3 5 383.15 1.3996 4.8 
3 5 383.15 1.6996 4.2 
3 5 383.15 1.9995 3.6 
3 5 383.15 2.3001 3 
3 5 383.15 2.5993 2.43 
3 5 383.15 2.8999 1.9 
3 5 383.15 3.1992 1.42 
3 5 383.15 3.4998 0.98 
3 5 393.15 0.9997 5.3 
3 5 393.15 1.0997 5.1 
3 5 393.15 1.3996 4.5 
3 5 393.15 1.6996 3.9 
3 5 393.15 1.9995 3.35 
3 5 393.15 2.3001 2.8 
3 5 393.15 2.5993 2.31 
3 5 393.15 2.8999 1.84 
3 5 393.15 3.1992 1.39 
3 5 403.15 1.1997 4.55 
3 5 403.15 1.3996 4.2 
3 5 403.15 1.6996 3.6 
3 5 403.15 1.9995 3 
3 5 403.15 2.3001 2.5 
3 5 403.15 2.5993 2.07 
3 5 403.15 2.8999 1.65
3 5 403.15 3.1992 1.26 
3 6 296.15 0.18 15.5
3 6 296.15 0.52 11.3
3 6 296.15 0.87 7.6
3 6 323.15 0.2 13.8
3 6 323.15 0.5 11.8
3 6 323.15 0.75 9.9
3 6 323.15 1 8.2
3 6 323.15 1.25 6.6
3 6 323.15 1.5 5.1
3 6 333.15 0.2 13.3
3 6 333.15 0.5 11.3
3 6 333.15 0.75 9.7
3 6 333.15 1 8.4
3 6 333.15 1.25 7
3 6 333.15 1.5 5.7
3 6 333.15 1.75 4.5
3 6 348.15 0.2 12.2
3 6 348.15 0.3 11.7
3 6 348.15 0.5 10.7
3 6 348.15 1 8.4
3 6 348.15 1.5 6.2
3 6 348.15 2 4.3
3 6 348.15 2.5 2.5
3 6 363.15 0.5 9.8
3 6 363.15 1 8
3 6 363.15 1.5 6.2
3 6 363.15 2 4.5
3 6 363.15 2.5 3
3 6 363.15 3 1.8
3 6 373.15 0.5 9.4
3 6 373.15 1 7.3
3 6 373.15 1.5 6.2
3 6 373.15 2 4.8
3 6 373.15 2.5 3.4
3 6 373.15 3 2.2
3 6 373.15 3.5 1.1
3 6 383.15 0.5 8.8
3 6 383.15 1 7.1
3 6 383.15 1.5 5.8
3 6 383.15 2 4.5
3 6 383.15 2.5 3.3
3 6 383.15 3 2.2
3 6 383.15 3.5 1.3
3 6 393.15 1 6.6
3 6 393.15 1.5 5.6
3 6 393.15 2 4.3
3 6 393.15 2.5 3.3
3 6 393.15 3 2.3
3 6 393.15 3.5 1.4
3 6 403.15 1 6.3
3 6 403.15 1.5 5.3
3 6 403.15 2 4.1
3 6 403.15 2.5 3.1
3 6 403.15 3 2.3
3 6 403.15 3.5 1.5
1 9 297.594 0.10342 22.76
1 9 297.594 0.51711 21.77
1 9 297.594 1.03421 20.58
1 9 297.594 2.06843 18.93
1 9 272.039 0.10342 24.37
1 9 272.039 1.034 22.95
1 9 272.039 2.06843 19.27
1 9 272.039 4.137 16.28
1 9 272.039 6.205  13.68
1 9 272.039 8.101 10.48
1 9 272.039 9.067 9.3
1 9 272.039 10.17 8.26
1 9 249.817 0.965 25.05
1 9 249.817 2.137 21.79
1 9 249.817 4.123 15.91
1 9 249.817 6.136 12.17
1 9 249.817 8.205 9.27
1 9 238.706 1.01353 24.45
1 9 238.706 1.965 21.73
1 9 238.706 4.068 16.38
1 9 238.706 7.067 10.41
4 10 310.928 0.062 20.06
4 10 310.928 0.1655 16.92 
4 10 310.928 0.2344 15.73
4 10 277.594 0.0207 21.32
1 3 258.15 7.542864 1.23
1 3 258.15 7.15 1.51
1 3 258.15 6.116 2.88
1 3 258.15 4.137 5.56
1 3 258.15 2.165 8.64
1 3 258.15 0.2896 12.13
1 3 283.15 8.343 0.5
1 3 283.15 7.646 0.98
1 3 283.15 6.3156 2.04
1 3 283.15 5.33 2.97
1 3 283.15 3.965 4.46
1 3 283.15 2.586 6.19
1 3 283.15 1.386 7.74
1 3 283.15 0.648 8.52
1 3 303.15 8.481 0.19
1 3 303.15 7.164 0.82
1 3 303.15 6.771 1.11
1 3 303.15 6.536 1.3
1 3 303.15 5.916 1.73
1 3 303.15 5.571 2.14
1 3 303.15 5.13 2.34
1 3 303.15 4.02 3.37
1 3 303.15 3.516 3.83
1 3 303.15 2.89 4.43
1 3 303.15 2.144 5.25
1 3 303.15 1.517 5.91
1 3 303.15 1.124 6.39
1 3 318.15 6.771 0.64
1 3 318.15 6.157 0.97
1 3 318.15 6.0122 1.06
1 3 318.15 5.661 1.3
1 3 318.15 5.054 1.68
1 3 318.15 5.0194 1.7
1 3 318.15 4.77 1.87
1 3 318.15 4.295 2.23
1 3 318.15 4.268 2.3
1 3 318.15 3.571 2.79
1 3 318.15 2.3994 3.78
1 3 318.15 1.53 4.58
1 3 338.15 6.447 0.22
1 3 338.15 5.723 0.54
1 3 338.15 4.95 0.87
1 3 338.15 4.24 1.28
1 3 338.15 3.31 1.87
1 3 338.15 2.999 2.05
1 3 338.15 2.344 2.57
1 3 363.15 3.771 0.35
1	6	298.15	0.020265478	17.8616024
1	6	298.15	1.033539366	15.9988424
1	6	298.15	2.046813254	14.2480824
1	6	298.15	3.060087142	12.6093224
1	6	298.15	4.073361029	11.0825624
1	6	298.15	5.086634917	9.6678024
1	6	298.15	6.099908805	8.3650424
1	6	298.15	7.113182693	7.1742824
2	6	298.15	0.020265478	17.8066
2	6	298.15	0.324247644	16.4056
2	6	298.15	0.628229811	15.0046
2	6	298.15	0.932211977	13.6036
2	6	298.15	1.236194143	12.2026
2	6	298.15	1.54017631	10.8016
2	6	298.15	1.844158476	9.4006
2	6	298.15	2.148140642	7.9996
2	6	298.15	2.452122809	6.5986
2	6	298.15	2.756104975	5.1976
2	6	298.15	3.060087142	3.7966
2	6	298.15	3.364069308	2.3956